51
13 1 15 20 33 35 44 55 66 68 71 75 84 85
26 5 10 12 18 23 28 33 35 41 46 48 52 58 64 70 71 76 78 82 87 93 99 100 106 111 114
23 6 10 12 15 16 20 25 28 33 38 40 48 56 62 66 68 70 77 81 84 91 92 94
16 2 6 8 15 25 35 44 48 53 59 67 71 83 87 93 96
2 65 85
14 3 17 19 27 35 45 47 54 67 77 84 94 108 111
21 7 14 15 21 26 28 33 36 42 45 46 48 50 53 57 61 62 64 71 73 76
20 2 8 17 26 34 41 46 53 58 65 67 74 83 93 95 102 112 122 132 142
22 8 16 24 31 39 44 52 56 62 67 71 78 86 92 95 96 99 102 103 106 112 118
26 3 7 11 14 19 21 23 29 35 36 37 43 45 48 49 52 54 58 60 65 70 73 78 82 88 89
10 11 13 25 44 52 58 75 81 96 107
3 22 26 78
4 3 38 82 129
26 3 7 11 17 20 21 22 28 34 37 43 44 45 51 52 53 55 61 65 69 74 79 82 84 87 91
12 2 15 30 46 48 49 58 62 77 79 87 97
28 3 7 8 10 15 18 23 26 28 30 35 40 45 48 53 55 58 63 68 74 80 83 88 91 97 103 105 109
20 1 7 9 16 21 24 27 29 30 40 46 51 58 62 65 71 73 74 79 87
20 9 14 16 21 27 29 36 46 51 60 69 72 79 86 91 96 106 108 115 117
28 5 9 12 16 17 19 22 27 32 37 39 44 47 48 49 53 56 59 61 66 70 71 75 76 82 83 84 85
9 18 38 49 59 64 82 100 119 121
5 19 44 67 75 93
16 11 21 22 28 32 44 49 56 67 73 77 81 84 96 108 116
15 5 10 14 15 16 22 23 26 30 35 43 53 63 69 72
12 1 13 23 34 45 46 53 55 64 65 74 79
29 6 9 11 13 16 17 23 29 35 37 42 44 49 54 60 62 65 66 67 68 74 76 77 83 89 93 98 99 100
30 5 7 8 11 15 19 20 25 31 34 35 38 44 48 54 55 59 60 62 68 73 76 79 85 89 92 95 99 100 101
26 2 5 6 12 14 20 21 25 27 30 32 35 39 45 51 57 61 64 70 73 78 81 85 91 96 102
27 3 9 12 17 19 20 22 23 25 27 31 33 35 37 42 45 49 55 57 63 69 72 73 79 81 84 90
11 14 22 35 51 56 63 66 79 82 90 105
8 8 9 26 44 48 50 56 68
25 1 4 12 13 17 18 23 25 31 38 40 45 53 61 65 73 81 84 87 91 95 101 106 109 115
23 2 9 12 13 17 21 25 33 34 36 37 40 45 51 57 65 70 75 81 87 94 98 100
28 4 8 11 13 16 20 21 27 33 38 43 44 46 50 53 59 61 66 67 71 72 76 81 85 87 88 94 95
19 1 2 5 10 13 21 27 29 35 36 37 39 45 49 58 61 62 69 77
10 7 27 36 41 60 78 95 100 104 121
16 10 17 19 21 28 38 44 51 61 71 76 86 88 99 105 110
28 6 9 11 17 18 22 24 29 35 37 40 43 46 48 52 58 64 67 72 75 78 82 88 90 91 92 94 95
20 2 3 8 17 20 23 29 35 36 46 48 50 57 60 69 75 79 85 89 92
11 2 8 16 18 20 32 39 51 58 73 78
14 12 16 27 40 49 59 65 69 80 94 107 112 113 118
9 6 16 35 49 50 63 80 89 94
10 19 28 38 53 57 77 84 92 108 117
8 12 35 51 59 79 92 99 122
4 12 44 57 92
1 158
5 40 68 86 101 124
26 5 7 12 17 22 24 30 32 34 35 36 41 46 51 53 56 61 66 69 73 76 82 85 91 96 98
21 1 8 13 15 22 27 30 38 44 45 51 52 60 62 64 69 74 79 85 88 91
20 5 9 12 14 19 24 31 33 35 42 52 62 70 74 77 81 82 92 97 103
4 23 24 71 73
1 70
