100
73 34
2 60
66 17
59 45
84 29
80 87
19 68
59 64
51 87
85 61
82 51
75 62
43 64
64 49
86 17
21 88
16 1
4 87
44 13
80 12
72 86
61 36
26 65
76 100
18 90
61 22
33 30
60 88
84 73
92 45
67 64
95 96
97 57
12 15
57 13
78 7
71 47
72 13
29 67
7 75
98 28
12 65
12 27
57 43
74 6
32 37
97 18
9 86
41 78
96 90
56 64
22 75
70 13
54 83
59 37
9 97
94 73
19 65
40 47
97 45
2 95
64 7
48 83
96 69
98 40
70 57
77 48
32 41
3 42
38 78
21 37
18 14
61 74
57 35
96 76
82 96
14 29
88 95
81 11
72 53
93 80
33 71
81 60
27 18
67 10
64 53
98 54
98 66
89 14
30 75
49 43
50 100
44 87
85 11
44 69
44 22
78 2
65 8
71 81
56 71
